155149108183695360
235148962103951360
239631525350604801
242730576195354624
276060004262477825
302050872383242240
408785106942164992
437808476106784770
491769129318088714
493716749342998541
499595256270946326
559426966151757824
582537632991543307
614109280508968980
656621136808902656
692045914436796436
711949388070518814
712011923176030229
712638684930900059
715621848489918495
781744044237651968
804401459931643945
804789290139385887
807585170890555413
814441758037377045
819778342818414632
825617171589759006
853583833747161091
911199246068375573
